jarak dari node 0: 0 3 3 2 3 3 3 2 2 2 1 3 3 3 1 3 3 2 3 2 3 2 3 2 2 3 2 2 2 2 2 3 3 1 1 3 3 2 3 2 3 2 1 2 2 3 3 2 4 2 2 3 3 2 2 2 3 2 3 2 3 3 3 2 3 4 3 2 3 3 2 3 3 3 3 2 3 3 3 3 4 4 4 2 2 3 4 4 3 4 4 4 4 5 5 6 4 4 9 6 
jarak dari node 1: 3 0 1 3 3 1 1 3 2 2 2 2 2 2 3 3 3 2 3 1 3 1 1 2 2 2 2 2 2 2 2 3 2 2 3 2 2 3 2 2 2 2 3 3 2 3 3 3 3 3 3 3 2 1 3 2 2 2 2 1 2 2 2 2 2 2 2 3 3 2 3 3 1 3 2 2 2 2 3 2 1 2 4 2 2 4 4 3 3 1 4 3 1 3 5 6 6 1 8 9 
jarak dari node 2: 3 1 0 2 2 2 2 2 3 3 2 2 1 3 2 3 3 3 3 2 2 2 2 3 3 3 2 2 2 3 1 3 2 2 2 1 3 3 1 3 3 1 3 2 3 2 2 3 2 2 2 3 3 2 2 1 3 3 3 1 3 2 3 3 3 3 2 3 2 1 2 4 2 3 3 2 1 2 3 1 2 3 3 3 3 3 5 2 2 1 5 3 2 4 5 5 5 2 9 9 
jarak dari node 3: 2 3 2 0 2 2 3 2 2 3 2 2 2 3 1 3 3 3 3 3 1 2 2 3 3 2 3 2 2 2 2 2 1 3 2 3 3 3 2 2 2 2 1 2 3 3 3 3 3 3 2 3 3 3 2 3 2 2 2 2 1 3 3 2 2 3 2 2 2 1 2 3 2 3 2 3 3 4 2 3 4 4 3 2 3 3 3 3 3 3 4 3 3 5 3 4 6 4 11 8 
jarak dari node 4: 3 3 2 2 0 2 2 2 2 1 2 3 2 1 2 2 2 3 2 2 2 3 2 2 2 3 3 3 1 3 2 2 1 3 2 3 2 4 2 1 2 2 3 3 3 3 3 2 1 3 3 2 2 3 2 1 2 2 1 2 2 3 3 3 2 2 3 2 1 2 3 2 3 1 3 3 3 2 3 3 3 2 1 3 3 3 3 3 2 3 3 1 3 4 4 3 7 4 11 9 
jarak dari node 5: 3 1 2 2 2 0 2 2 2 2 2 2 3 2 2 3 3 3 2 2 3 2 2 3 3 2 3 2 2 1 3 2 1 3 2 2 2 3 1 1 2 2 3 2 2 3 3 3 2 3 3 3 1 2 3 3 2 2 1 2 2 2 1 3 3 3 3 3 3 3 2 3 2 3 3 3 1 3 2 3 2 3 3 1 1 3 3 4 3 2 4 3 1 4 4 5 7 2 9 9 
jarak dari node 6: 3 1 2 3 2 2 0 2 3 1 2 3 3 3 2 3 3 3 3 2 2 2 2 2 2 3 3 3 1 1 1 2 2 2 2 2 3 3 3 2 2 3 3 2 2 3 2 3 3 2 3 3 2 2 2 2 2 1 2 2 2 3 3 3 3 2 2 3 3 3 3 4 2 3 3 3 3 2 3 3 2 1 3 3 2 3 3 4 2 2 5 3 2 2 6 5 7 2 9 9 
jarak dari node 7: 2 3 2 2 2 2 2 0 3 1 2 2 1 3 2 2 2 2 1 3 2 2 2 2 2 3 2 1 3 3 2 3 2 3 2 2 2 3 1 2 2 1 1 2 1 1 1 1 2 1 3 3 2 3 2 2 2 3 2 2 3 2 2 3 3 3 3 3 2 2 2 3 3 2 3 3 3 2 1 2 4 3 3 3 3 1 3 2 2 3 5 3 3 4 5 5 6 4 11 8 
jarak dari node 8: 2 2 3 2 2 2 3 3 0 2 3 3 2 3 1 4 4 2 2 3 2 2 3 2 3 2 3 2 3 2 2 3 3 3 2 3 2 4 3 2 3 2 3 3 3 3 3 3 3 3 2 2 3 1 3 3 3 3 3 3 3 3 1 3 3 3 1 2 1 3 2 3 3 3 3 3 3 3 3 4 3 4 3 2 3 4 4 3 1 3 2 3 3 5 5 5 6 3 10 8 
jarak dari node 9: 2 2 3 3 1 2 1 1 2 0 2 3 2 2 2 2 3 3 2 2 3 3 3 1 3 3 2 2 2 2 2 2 2 3 2 2 2 4 2 1 3 2 2 3 2 2 2 2 2 2 2 3 3 3 3 2 1 2 1 3 3 3 3 3 3 3 3 3 2 3 3 3 2 2 3 3 3 1 2 3 3 2 2 3 3 2 2 3 1 3 4 2 3 3 5 4 6 3 10 8 
jarak dari node 10: 1 2 2 2 2 2 2 2 3 2 0 2 2 2 2 2 2 3 2 1 2 2 2 1 2 2 2 2 1 3 2 2 2 2 1 2 2 3 3 2 3 2 1 2 1 3 3 2 3 2 3 3 2 3 2 1 2 1 2 1 3 2 3 3 3 3 3 3 3 3 3 3 2 2 3 1 2 2 3 3 3 3 3 3 3 3 4 3 2 3 5 3 3 4 5 5 5 3 10 7 
jarak dari node 11: 3 2 2 2 3 2 3 2 3 3 2 0 3 2 2 2 1 3 3 2 1 2 2 2 3 2 2 1 2 2 2 2 2 2 3 2 3 3 3 3 1 3 3 2 3 3 2 3 4 2 3 2 2 3 2 3 3 3 3 1 3 3 3 1 2 2 3 3 2 3 3 3 3 3 3 2 3 2 2 3 3 4 4 3 1 3 5 4 4 3 5 4 3 5 5 6 7 3 10 9 
jarak dari node 12: 3 2 1 2 2 3 3 1 2 2 2 3 0 3 2 3 2 3 2 3 2 3 1 3 2 3 3 2 2 3 2 3 3 3 2 1 2 4 2 3 3 2 2 1 2 2 2 2 2 2 2 3 2 3 2 2 3 2 3 2 2 2 3 2 3 2 3 3 1 1 1 4 3 3 2 2 2 3 2 2 3 4 2 3 4 2 4 1 3 2 4 3 3 5 5 5 6 3 10 9 
jarak dari node 13: 3 2 3 3 1 2 3 3 3 2 2 2 3 0 2 1 1 3 2 1 2 2 2 3 2 2 2 3 2 3 2 3 2 3 2 3 2 4 3 1 3 3 3 2 2 3 2 3 2 2 3 3 1 3 3 2 2 2 2 2 3 3 3 3 1 1 3 1 2 2 3 1 3 2 3 2 2 2 2 4 3 3 2 2 3 4 4 4 3 3 4 2 3 5 5 4 7 3 10 9 
jarak dari node 14: 1 3 2 1 2 2 2 2 1 2 2 2 2 2 0 3 3 3 2 3 2 2 3 2 2 3 3 1 3 1 2 2 2 2 1 2 3 3 2 1 2 1 2 2 3 3 3 2 3 2 1 3 3 2 3 2 2 2 3 2 2 2 2 3 3 3 2 1 2 2 1 2 3 3 2 3 3 3 2 3 4 3 3 1 3 3 4 3 2 3 3 3 3 4 4 5 5 4 10 7 
jarak dari node 15: 3 3 3 3 2 3 3 2 4 2 2 2 3 1 3 0 1 2 2 2 2 3 3 2 2 2 1 3 3 4 3 3 2 3 3 3 3 3 3 2 3 2 3 2 1 2 3 3 3 2 4 2 2 3 3 2 1 3 3 2 3 4 3 3 2 2 3 2 3 3 4 2 3 3 3 2 2 3 1 4 4 4 3 3 3 3 4 4 3 4 5 3 4 5 6 5 7 4 11 9 
jarak dari node 16: 3 3 3 3 2 3 3 2 4 3 2 1 2 1 3 1 0 3 2 2 2 2 2 3 3 2 2 2 3 3 2 3 3 3 2 2 3 4 3 2 2 2 2 1 2 2 2 3 3 1 3 3 2 4 2 3 2 3 3 2 3 3 3 2 2 2 3 2 3 2 3 2 2 3 2 1 3 3 2 4 4 4 3 3 2 3 5 3 4 4 5 3 4 5 6 5 7 4 11 9 
jarak dari node 17: 2 2 3 3 3 3 3 2 2 3 3 3 3 3 3 2 3 0 3 3 2 3 3 3 3 3 3 3 3 2 2 3 3 1 3 2 3 2 3 3 3 3 3 2 2 1 1 2 4 2 2 3 3 1 2 3 2 4 4 2 3 2 3 2 3 2 3 4 3 4 3 3 3 2 4 2 4 4 1 4 3 2 4 4 4 3 5 4 3 3 4 4 3 5 6 6 6 3 10 8 
jarak dari node 18: 3 3 3 3 2 2 3 1 2 2 2 3 2 2 2 2 2 3 0 2 3 2 3 1 2 2 1 2 2 2 2 3 3 3 3 3 2 4 2 3 3 2 2 2 2 2 2 2 3 2 3 2 1 3 1 3 2 3 3 2 3 3 1 3 3 3 3 3 3 3 2 3 2 1 2 3 3 3 2 3 4 2 3 3 3 2 4 3 3 4 4 3 3 5 6 5 7 4 11 9 
jarak dari node 19: 2 1 2 3 2 2 2 3 3 2 1 2 3 1 3 2 2 3 2 0 2 2 2 2 3 1 2 2 2 3 3 3 2 2 2 2 1 3 3 2 2 3 2 2 2 3 3 3 3 3 3 3 2 2 3 2 1 2 2 1 3 3 2 3 2 2 3 2 3 3 4 2 2 3 2 2 1 1 3 3 2 3 3 3 3 4 4 4 3 2 5 3 2 4 6 5 6 2 9 8 
jarak dari node 20: 3 3 2 1 2 3 2 2 2 3 2 1 2 2 2 2 2 2 3 2 0 2 2 3 2 1 3 2 1 3 1 3 2 2 2 2 3 3 3 3 2 3 2 3 3 3 3 3 3 2 3 2 2 3 2 2 3 2 2 2 2 3 2 1 1 3 2 3 1 2 3 3 3 3 3 3 3 3 1 3 4 3 3 3 2 3 4 3 3 3 4 3 4 4 4 5 7 4 11 9 
jarak dari node 21: 2 1 2 2 3 2 2 2 2 3 2 2 3 2 2 3 2 3 2 2 2 0 2 3 1 1 3 3 2 2 1 3 2 2 2 2 3 2 2 3 1 1 3 2 2 3 3 2 3 2 3 2 1 2 2 2 3 3 3 2 1 3 2 2 3 3 1 3 3 3 3 3 2 2 3 1 1 2 3 3 2 3 4 3 3 3 5 4 3 2 4 4 2 4 5 6 6 2 9 8 
jarak dari node 22: 3 1 2 2 2 2 2 2 3 3 2 2 1 2 3 3 2 3 3 2 2 2 0 3 2 3 3 3 1 2 2 2 2 3 2 2 1 3 2 2 3 3 2 2 3 2 3 3 3 2 3 2 2 2 3 3 3 1 2 2 1 1 2 1 3 1 3 3 2 2 2 3 2 3 1 1 3 3 3 3 2 3 3 3 3 3 5 2 4 2 5 3 2 4 5 5 7 2 9 9 
jarak dari node 23: 2 2 3 3 2 3 2 2 2 1 1 2 3 3 2 2 3 3 1 2 3 3 3 0 2 2 1 1 2 3 3 3 3 3 2 2 3 4 3 2 3 3 2 3 1 3 3 3 3 3 3 2 2 2 2 2 2 2 2 2 4 2 2 2 3 3 3 3 3 4 3 3 1 2 3 2 3 2 3 4 3 3 3 3 3 3 3 4 2 3 4 3 3 4 6 5 6 3 10 8 
jarak dari node 24: 2 2 3 3 2 3 2 2 3 3 2 3 2 2 2 2 3 3 2 3 2 1 2 2 0 2 3 3 1 3 2 2 3 2 1 3 3 3 3 2 2 2 3 2 1 2 3 1 3 2 3 2 2 3 3 2 3 3 2 3 2 3 3 3 3 3 2 3 3 3 3 3 3 1 3 2 2 3 3 4 3 3 3 3 4 3 5 3 4 3 5 3 3 4 6 5 6 3 10 8 
jarak dari node 25: 3 2 3 2 3 2 3 3 2 3 2 2 3 2 3 2 2 3 2 1 1 1 3 2 2 0 3 2 2 2 2 3 2 3 3 3 2 3 3 3 1 2 3 3 3 4 4 3 4 3 3 2 2 3 3 2 2 3 3 2 2 4 1 2 2 3 2 3 2 3 3 3 3 2 3 2 2 2 2 4 3 4 4 3 3 4 5 4 3 3 4 4 3 5 5 6 7 3 10 9 
jarak dari node 26: 2 2 2 3 3 3 3 2 3 2 2 2 3 2 3 1 2 3 1 2 3 3 3 1 3 3 0 2 3 3 3 3 2 2 3 2 2 3 3 3 2 2 3 3 2 3 3 3 4 3 3 1 2 3 2 3 2 3 3 1 3 3 2 3 3 3 4 3 4 3 3 3 2 2 3 3 3 3 2 3 3 3 4 4 3 3 4 4 3 3 5 4 3 5 6 6 6 3 10 8 
jarak dari node 27: 2 2 2 2 3 2 3 1 2 2 2 1 2 3 1 3 2 3 2 2 2 3 3 1 3 2 2 0 3 2 2 3 2 2 2 1 3 3 2 2 2 2 2 2 2 2 2 2 3 2 2 2 3 3 3 3 3 2 3 1 3 2 3 2 2 2 2 2 3 3 2 2 2 3 3 3 3 3 2 3 3 4 4 2 2 2 4 3 3 3 4 4 3 5 5 6 6 3 10 8 
jarak dari node 28: 2 2 2 2 1 2 1 3 3 2 1 2 2 2 3 3 3 3 2 2 1 2 1 2 1 2 3 3 0 2 1 3 2 2 2 2 2 3 3 2 3 3 2 2 2 3 3 2 2 2 3 3 1 3 2 2 3 2 1 2 2 2 3 2 2 2 2 3 2 3 3 3 3 2 2 2 3 3 2 3 3 2 2 3 3 4 4 3 3 3 4 2 3 3 5 4 6 3 10 8 
jarak dari node 29: 2 2 3 2 3 1 1 3 2 2 3 2 3 3 1 4 3 2 2 3 3 2 2 3 3 2 3 2 2 0 2 1 2 3 2 3 3 3 2 2 1 2 3 3 3 3 3 3 3 3 2 2 2 3 2 3 3 2 2 3 1 3 2 3 4 3 3 2 3 3 2 3 3 3 3 3 2 3 3 4 3 2 4 2 2 4 4 4 3 3 4 4 2 3 5 6 6 3 10 8 
jarak dari node 30: 2 2 1 2 2 3 1 2 2 2 2 2 2 2 2 3 2 2 2 3 1 1 2 3 2 2 3 2 1 2 0 3 2 1 1 1 2 2 2 2 2 2 2 2 3 2 2 2 3 1 2 3 2 3 1 1 3 2 2 2 2 2 3 2 2 3 1 3 2 2 3 3 3 3 3 2 2 3 2 2 3 2 3 3 3 3 4 3 3 2 4 3 3 3 5 5 6 3 10 8 
jarak dari node 31: 3 3 3 2 2 2 2 3 3 2 2 2 3 3 2 3 3 3 3 3 3 3 2 3 2 3 3 3 3 1 3 0 1 2 2 3 3 3 2 2 2 3 2 3 3 4 4 3 2 3 3 3 3 2 3 2 2 1 3 2 2 3 3 3 4 3 4 3 3 3 3 4 4 3 3 3 3 3 4 4 4 3 3 3 3 4 4 4 3 4 5 3 3 4 5 5 7 4 11 9 
jarak dari node 32: 3 2 2 1 1 1 2 2 3 2 2 2 3 2 2 2 3 3 3 2 2 2 2 3 3 2 2 2 2 2 2 1 0 2 2 2 3 3 1 1 1 2 2 3 3 3 3 2 2 3 2 2 2 3 3 2 1 1 2 1 1 2 2 3 3 3 3 3 2 2 3 3 3 2 3 3 2 3 3 3 3 3 2 2 2 3 4 4 3 3 4 2 2 4 4 4 7 3 10 9 
jarak dari node 33: 1 2 2 3 3 3 2 3 3 3 2 2 3 3 2 3 3 1 3 2 2 2 3 3 2 3 2 2 2 3 1 2 2 0 2 2 3 1 3 2 3 2 2 3 3 2 2 3 4 2 1 3 3 2 2 2 3 3 3 1 3 2 3 2 2 3 2 3 3 3 3 4 3 3 4 3 3 3 2 3 3 3 4 3 3 4 5 4 4 3 5 4 3 4 6 6 5 3 10 7 
jarak dari node 34: 1 3 2 2 2 2 2 2 2 2 1 3 2 2 1 3 2 3 3 2 2 2 2 2 1 3 3 2 2 2 1 2 2 2 0 2 3 3 3 1 3 2 2 1 2 2 2 1 3 1 2 3 2 3 2 1 2 2 3 2 2 2 3 3 3 3 2 2 3 3 2 3 3 2 3 2 3 3 3 3 4 3 3 2 3 3 4 3 3 3 4 3 3 4 5 5 5 4 10 7 
jarak dari node 35: 3 2 1 3 3 2 2 2 3 2 2 2 1 3 2 3 2 2 3 2 2 2 2 2 3 3 2 1 2 3 1 3 2 2 2 0 3 3 1 3 3 2 2 1 3 1 2 2 2 1 1 3 2 3 2 2 3 3 3 1 3 1 3 2 2 3 2 3 2 2 2 3 3 4 3 3 2 3 3 2 3 3 3 3 3 3 4 2 3 2 5 4 3 4 6 6 6 3 10 9 
jarak dari node 36: 3 2 3 3 2 2 3 2 2 2 2 3 2 2 3 3 3 3 2 1 3 3 1 3 3 2 2 3 2 3 2 3 3 3 3 3 0 2 3 3 3 3 3 3 3 3 2 3 3 3 2 3 2 3 3 3 2 2 1 2 2 2 1 2 3 2 3 3 3 3 3 3 3 3 2 2 2 2 3 4 3 4 3 3 3 3 4 3 3 3 4 3 3 5 6 5 7 3 10 9 
jarak dari node 37: 2 3 3 3 4 3 3 3 4 4 3 3 4 4 3 3 4 2 4 3 3 2 3 4 3 3 3 3 3 3 2 3 3 1 3 3 2 0 2 3 3 3 3 4 4 3 3 4 3 3 2 4 3 3 3 3 4 4 3 2 2 3 3 3 3 4 3 4 4 4 4 5 4 4 4 3 3 4 3 4 4 4 5 4 4 4 6 5 5 4 6 5 4 5 6 7 6 4 11 8 
jarak dari node 38: 3 2 1 2 2 1 3 1 3 2 3 3 2 3 2 3 3 3 2 3 3 2 2 3 3 3 3 2 3 2 2 2 1 3 3 1 3 2 0 2 2 1 2 2 2 2 2 2 1 2 2 3 2 3 3 2 2 2 2 2 2 1 2 3 3 3 3 3 3 2 3 4 3 3 3 3 2 3 2 2 3 4 3 2 2 2 4 3 3 2 5 3 2 5 5 5 6 3 10 9 
jarak dari node 39: 2 2 3 2 1 1 2 2 2 1 2 3 3 1 1 2 2 3 3 2 3 3 2 2 2 3 3 2 2 2 2 2 1 2 1 3 3 3 2 0 2 2 3 2 3 3 3 2 2 2 2 3 2 3 3 2 1 1 2 2 2 3 2 3 2 2 3 2 2 3 2 2 3 2 3 3 2 2 3 4 3 3 2 2 2 3 3 4 2 3 4 2 2 4 5 4 6 3 10 8 
jarak dari node 40: 3 2 3 2 2 2 2 2 3 3 3 1 3 3 2 3 2 3 3 2 2 1 3 3 2 1 2 2 3 1 2 2 1 3 3 3 3 3 2 2 0 2 3 3 3 3 3 3 3 3 2 1 2 3 3 3 2 2 3 2 2 3 2 2 3 3 2 3 3 3 3 4 3 3 4 2 2 3 3 4 3 3 3 3 2 3 5 4 4 3 5 3 3 4 5 5 7 3 10 9 
jarak dari node 41: 2 2 1 2 2 2 3 1 2 2 2 3 2 3 1 2 2 3 2 3 3 1 3 3 2 2 2 2 3 2 2 3 2 2 2 2 3 3 1 2 2 0 2 3 2 2 2 2 2 1 2 3 2 3 2 1 3 3 3 2 2 2 3 3 4 4 2 2 3 2 2 3 3 3 3 2 2 3 2 2 3 4 3 2 3 2 4 3 3 2 4 3 3 5 5 5 6 3 10 8 
jarak dari node 42: 1 3 3 1 3 3 3 1 3 2 1 3 2 3 2 3 2 3 2 2 2 3 2 2 3 3 3 2 2 3 2 2 2 2 2 2 3 3 2 3 3 2 0 1 2 2 2 2 3 2 3 4 2 3 1 2 3 2 3 2 2 3 3 3 3 3 3 3 3 2 3 4 3 3 3 2 3 3 2 3 4 4 4 3 3 2 4 3 3 4 5 4 4 5 4 5 5 4 10 7 
jarak dari node 43: 2 3 2 2 3 2 2 2 3 3 2 2 1 2 2 2 1 2 2 2 3 2 2 3 2 3 3 2 2 3 2 3 3 3 1 1 3 4 2 2 3 3 1 0 3 1 2 2 3 2 2 3 1 3 1 2 3 3 3 2 3 2 3 3 3 3 3 3 2 2 2 3 3 3 3 2 3 3 3 3 4 3 3 3 3 3 5 2 4 3 5 4 3 4 5 6 6 4 11 8 
jarak dari node 44: 2 2 3 3 3 2 2 1 3 2 1 3 2 2 3 1 2 2 2 2 3 2 3 1 1 3 2 2 2 3 3 3 3 3 2 3 3 4 2 3 3 2 2 3 0 2 2 2 3 2 4 3 3 3 3 2 2 2 3 2 3 3 3 3 3 3 3 3 3 3 3 3 2 2 4 2 3 3 2 3 3 3 4 3 3 2 4 3 3 3 5 4 3 4 6 6 6 3 10 8 
jarak dari node 45: 3 3 2 3 3 3 3 1 3 2 3 3 2 3 3 2 2 1 2 3 3 3 2 3 2 4 3 2 3 3 2 4 3 2 2 1 3 3 2 3 3 2 2 1 2 0 2 1 3 2 2 2 2 2 2 3 3 3 3 2 3 2 3 3 3 3 3 4 3 3 3 4 4 3 3 3 3 3 2 3 4 3 4 4 4 2 4 3 3 3 5 4 4 5 6 6 7 4 11 9 
jarak dari node 46: 3 3 2 3 3 3 2 1 3 2 3 2 2 2 3 3 2 1 2 3 3 3 3 3 3 4 3 2 3 3 2 4 3 2 2 2 2 3 2 3 3 2 2 2 2 2 0 2 3 1 3 4 3 2 3 3 3 3 3 3 4 3 3 3 3 3 3 3 3 3 3 3 4 3 4 3 3 3 2 3 4 3 4 4 3 2 4 3 3 3 5 4 4 4 6 6 7 4 11 9 
jarak dari node 47: 2 3 3 3 2 3 3 1 3 2 2 3 2 3 2 3 3 2 2 3 3 2 3 3 1 3 3 2 2 3 2 3 2 3 1 2 3 4 2 2 3 2 2 2 2 1 2 0 3 2 3 3 3 3 3 2 3 3 3 3 3 3 3 4 4 4 3 3 3 3 3 4 4 2 4 3 3 3 2 3 4 4 3 3 4 2 4 3 3 4 5 3 4 5 6 5 6 4 11 8 
jarak dari node 48: 4 3 2 3 1 2 3 2 3 2 3 4 2 2 3 3 3 4 3 3 3 3 3 3 3 4 4 3 2 3 3 2 2 4 3 2 3 3 1 2 3 2 3 3 3 3 3 3 0 3 3 3 3 4 3 2 3 3 2 3 3 2 3 4 3 3 4 3 2 3 3 3 4 2 4 4 3 3 3 3 4 3 2 3 3 3 4 3 3 3 4 2 3 5 5 4 7 4 11 10 
jarak dari node 49: 2 3 2 3 3 3 2 1 3 2 2 2 2 2 2 2 1 2 2 3 2 2 2 3 2 3 3 2 2 3 1 3 3 2 1 1 3 3 2 2 3 1 2 2 2 2 1 2 3 0 2 4 3 3 2 2 3 3 3 2 3 2 3 3 3 3 2 3 3 3 3 3 3 3 3 2 3 3 2 3 4 3 4 3 3 2 4 3 3 3 5 4 4 4 6 6 6 4 11 8 
jarak dari node 50: 2 3 2 2 3 3 3 3 2 2 3 3 2 3 1 4 3 2 3 3 3 3 3 3 3 3 3 2 3 2 2 3 2 1 2 1 2 2 2 2 2 2 3 2 4 2 3 3 3 2 0 3 3 3 3 3 3 3 3 2 3 2 3 3 3 4 3 2 3 3 2 3 4 4 3 4 3 3 3 3 4 4 4 2 4 4 4 3 3 3 4 4 4 5 5 6 6 4 11 8 
jarak dari node 51: 3 3 3 3 2 3 3 3 2 3 3 2 3 3 3 2 3 3 2 3 2 2 2 2 2 2 1 2 3 2 3 3 2 3 3 3 3 4 3 3 1 3 4 3 3 2 4 3 3 4 3 0 3 3 3 3 3 3 3 2 3 3 3 3 3 3 3 4 3 4 4 4 3 3 3 3 3 4 3 4 4 4 3 4 3 4 5 4 3 4 4 3 4 5 6 5 7 4 11 9 
jarak dari node 52: 3 2 3 3 2 1 2 2 3 3 2 2 2 1 3 2 2 3 1 2 2 1 2 2 2 2 2 3 1 2 2 3 2 3 2 2 2 3 2 2 2 2 2 1 3 2 3 3 3 3 3 3 0 3 2 3 3 3 2 3 2 3 2 3 2 2 2 2 3 3 3 2 3 2 3 2 2 3 3 4 3 3 3 2 2 3 4 3 4 3 5 3 2 4 5 5 7 3 10 9 
jarak dari node 53: 2 1 2 3 3 2 2 3 1 3 3 3 3 3 2 3 4 1 3 2 3 2 2 2 3 3 3 3 3 3 3 2 3 2 3 3 3 3 3 3 3 3 3 3 3 2 2 3 4 3 3 3 3 0 3 3 3 3 3 2 3 3 2 3 3 3 2 3 2 3 3 4 2 3 3 3 3 3 2 3 2 3 4 3 3 4 5 4 2 2 3 4 2 4 6 6 6 2 9 8 
jarak dari node 54: 2 3 2 2 2 3 2 2 3 3 2 2 2 3 3 3 2 2 1 3 2 2 3 2 3 3 2 3 2 2 1 3 3 2 2 2 3 3 3 3 3 2 1 1 3 2 3 3 3 2 3 3 2 3 0 2 3 3 3 3 3 3 2 3 3 4 2 4 3 3 3 4 3 2 3 3 3 4 3 3 4 3 3 4 3 3 5 3 4 3 5 3 4 4 5 5 6 4 11 8 
jarak dari node 55: 2 2 1 3 1 3 2 2 3 2 1 3 2 2 2 2 3 3 3 2 2 2 3 2 2 2 3 3 2 3 1 2 2 2 1 2 3 3 2 2 3 1 2 2 2 3 3 2 2 2 3 3 3 3 2 0 3 2 2 2 3 3 3 3 3 3 2 3 2 2 3 3 3 2 4 2 2 3 3 2 3 3 2 3 4 3 4 3 3 2 4 2 3 4 5 4 6 3 10 8 
jarak dari node 56: 3 2 3 2 2 2 2 2 3 1 2 3 3 2 2 1 2 2 2 1 3 3 3 2 3 2 2 3 3 3 3 2 1 3 2 3 2 4 2 1 2 3 3 3 2 3 3 3 3 3 3 3 3 3 3 3 0 2 2 2 2 3 3 4 3 3 4 3 3 3 3 3 3 3 3 3 2 2 2 4 3 3 3 3 3 3 3 4 2 3 5 3 3 4 5 5 7 3 10 9 
jarak dari node 57: 2 2 3 2 2 2 1 3 3 2 1 3 2 2 2 3 3 4 3 2 2 3 1 2 3 3 3 2 2 2 2 1 1 3 2 3 2 4 2 1 2 3 2 3 2 3 3 3 3 3 3 3 3 3 3 2 2 0 3 2 2 2 3 2 3 2 3 3 3 3 3 3 3 3 2 2 3 3 3 4 3 2 3 3 3 4 4 3 3 3 5 3 3 3 5 5 6 3 10 8 
jarak dari node 58: 3 2 3 2 1 1 2 2 3 1 2 3 3 2 3 3 3 4 3 2 2 3 2 2 2 3 3 3 1 2 2 3 2 3 3 3 1 3 2 2 3 3 3 3 3 3 3 3 2 3 3 3 2 3 3 2 2 3 0 3 3 3 2 3 3 3 3 3 2 3 3 3 3 2 3 3 2 2 3 4 3 3 2 2 2 3 3 4 2 3 4 2 2 4 5 4 7 3 10 9 
jarak dari node 59: 2 1 1 2 2 2 2 2 3 3 1 1 2 2 2 2 2 2 2 1 2 2 2 2 3 2 1 1 2 3 2 2 1 1 2 1 2 2 2 2 2 2 2 2 2 2 3 3 3 2 2 2 3 2 3 2 2 2 3 0 2 2 3 2 3 3 3 3 3 2 3 3 2 3 3 2 2 2 3 2 2 3 3 3 2 3 5 3 3 2 5 3 2 4 5 5 6 2 9 8 
jarak dari node 60: 3 2 3 1 2 2 2 3 3 3 3 3 2 3 2 3 3 3 3 3 2 1 1 4 2 2 3 3 2 1 2 2 1 3 2 3 2 2 2 2 2 2 2 3 3 3 4 3 3 3 3 3 2 3 3 3 2 2 3 2 0 2 3 2 3 2 2 3 3 2 3 4 3 3 2 2 2 3 3 4 3 3 3 3 3 4 4 3 4 3 5 3 3 4 4 5 7 3 10 9 
jarak dari node 61: 3 2 2 3 3 2 3 2 3 3 2 3 2 3 2 4 3 2 3 3 3 3 1 2 3 4 3 2 2 3 2 3 2 2 2 1 2 3 1 3 3 2 3 2 3 2 3 3 2 2 2 3 3 3 3 3 3 2 3 2 2 0 3 2 3 2 3 3 3 3 3 4 3 4 2 2 3 4 3 3 3 4 4 3 3 3 5 3 4 3 5 4 3 5 6 6 7 3 10 9 
jarak dari node 62: 3 2 3 3 3 1 3 2 1 3 3 3 3 3 2 3 3 3 1 2 2 2 2 2 3 1 2 3 3 2 3 3 2 3 3 3 1 3 2 2 2 3 3 3 3 3 3 3 3 3 3 3 2 2 2 3 3 3 2 3 3 3 0 3 3 3 2 3 2 4 3 4 3 2 3 3 2 3 3 4 3 3 4 2 2 3 4 4 2 3 3 4 2 5 5 6 7 3 10 9 
jarak dari node 63: 2 2 3 2 3 3 3 3 3 3 3 1 2 3 3 3 2 2 3 3 1 2 1 2 3 2 3 2 2 3 2 3 3 2 3 2 2 3 3 3 2 3 3 3 3 3 3 4 4 3 3 3 3 3 3 3 4 2 3 2 2 2 3 0 2 2 3 4 2 3 3 4 3 4 2 2 3 3 2 4 3 4 4 4 2 4 5 3 4 3 5 4 3 5 5 6 6 3 10 8 
jarak dari node 64: 3 2 3 2 2 3 3 3 3 3 3 2 3 1 3 2 2 3 3 2 1 3 3 3 3 2 3 2 2 4 2 4 3 2 3 2 3 3 3 2 3 4 3 3 3 3 3 4 3 3 3 3 2 3 3 3 3 3 3 3 3 3 3 2 0 2 3 2 2 3 4 2 3 3 4 3 3 3 2 4 3 4 3 3 3 4 5 4 4 3 5 3 3 5 5 5 7 3 10 9 
jarak dari node 65: 4 2 3 3 2 3 2 3 3 3 3 2 2 1 3 2 2 2 3 2 3 3 1 3 3 3 3 2 2 3 3 3 3 3 3 3 2 4 3 2 3 4 3 3 3 3 3 4 3 3 4 3 2 3 4 3 3 2 3 3 2 2 3 2 2 0 4 2 3 3 3 2 3 3 2 2 3 3 3 4 3 3 3 3 3 4 5 3 4 3 5 3 3 4 6 5 8 3 10 10 
jarak dari node 66: 3 2 2 2 3 3 2 3 1 3 3 3 3 3 2 3 3 3 3 3 2 1 3 3 2 2 4 2 2 3 1 4 3 2 2 2 3 3 3 3 2 2 3 3 3 3 3 3 4 2 3 3 2 2 2 2 4 3 3 3 2 3 2 3 3 4 0 3 2 3 3 4 3 3 4 2 2 3 3 3 3 3 4 3 4 4 5 4 2 3 3 4 3 4 5 6 7 3 10 9 
jarak dari node 67: 2 3 3 2 2 3 3 3 2 3 3 3 3 1 1 2 2 4 3 2 3 3 3 3 3 3 3 2 3 2 3 3 3 3 2 3 3 4 3 2 3 2 3 3 3 4 3 3 3 3 2 4 2 3 4 3 3 3 3 3 3 3 3 4 2 2 3 0 3 3 2 2 4 3 3 3 3 3 3 4 4 4 3 2 4 4 5 4 3 4 4 3 4 5 5 5 6 4 11 8 
jarak dari node 68: 3 3 2 2 1 3 3 2 1 2 3 2 1 2 2 3 3 3 3 3 1 3 2 3 3 2 4 3 2 3 2 3 2 3 3 2 3 4 3 2 3 3 3 2 3 3 3 3 2 3 3 3 3 2 3 2 3 3 2 3 3 3 2 2 2 3 2 3 0 2 2 3 4 2 3 3 3 3 2 3 4 3 2 3 3 3 4 2 2 3 3 2 4 5 5 4 7 4 11 9 
jarak dari node 69: 3 2 1 1 2 3 3 2 3 3 3 3 1 2 2 3 2 4 3 3 2 3 2 4 3 3 3 3 3 3 2 3 2 3 3 2 3 4 2 3 3 2 2 2 3 3 3 3 3 3 3 4 3 3 3 2 3 3 3 2 2 3 4 3 3 3 3 3 2 0 2 3 3 3 3 3 2 3 3 2 3 4 3 3 4 3 4 2 3 2 5 3 3 5 4 5 6 3 10 9 
jarak dari node 70: 2 3 2 2 3 2 3 2 2 3 3 3 1 3 1 4 3 3 2 4 3 3 2 3 3 3 3 2 3 2 3 3 3 3 2 2 3 4 3 2 3 2 3 2 3 3 3 3 3 3 2 4 3 3 3 3 3 3 3 3 3 3 3 3 4 3 3 2 2 2 0 3 4 3 3 3 3 4 3 3 4 4 3 2 3 3 5 2 3 3 4 4 3 5 5 6 6 4 11 8 
jarak dari node 71: 3 3 4 3 2 3 4 3 3 3 3 3 4 1 2 2 2 3 3 2 3 3 3 3 3 3 3 2 3 3 3 4 3 4 3 3 3 5 4 2 4 3 4 3 3 4 3 4 3 3 3 4 2 4 4 3 3 3 3 3 4 4 4 4 2 2 4 2 3 3 3 0 4 3 4 3 3 3 3 5 4 4 3 3 4 4 5 5 4 4 5 3 4 6 6 5 7 4 11 9 
jarak dari node 72: 3 1 2 2 3 2 2 3 3 2 2 3 3 3 3 3 2 3 2 2 3 2 2 1 3 3 2 2 3 3 3 4 3 3 3 3 3 4 3 3 3 3 3 3 2 4 4 4 4 3 4 3 3 2 3 3 3 3 3 2 3 3 3 3 3 3 3 4 4 3 4 4 0 3 3 3 3 3 4 3 2 3 4 3 3 4 4 4 3 2 5 4 2 4 5 6 7 2 9 9 
jarak dari node 73: 3 3 3 3 1 3 3 2 3 2 2 3 3 2 3 3 3 2 1 3 3 2 3 2 1 2 2 3 2 3 3 3 2 3 2 4 3 4 3 2 3 3 3 3 2 3 3 2 2 3 4 3 2 3 2 2 3 3 2 3 3 4 2 4 3 3 3 3 2 3 3 3 3 0 3 3 3 3 3 4 4 3 2 4 4 3 4 4 3 4 4 2 4 5 5 4 7 4 11 9 
jarak dari node 74: 3 2 3 2 3 3 3 3 3 3 3 3 2 3 2 3 2 4 2 2 3 3 1 3 3 3 3 3 2 3 3 3 3 4 3 3 2 4 3 3 4 3 3 3 4 3 4 4 4 3 3 3 3 3 3 4 3 2 3 3 2 2 3 2 4 2 4 3 3 3 3 4 3 3 0 2 3 3 4 4 3 4 4 3 4 4 5 3 4 3 5 4 3 5 5 6 7 3 10 9 
jarak dari node 75: 2 2 2 3 3 3 3 3 3 3 1 2 2 2 3 2 1 2 3 2 3 1 1 2 2 2 3 3 2 3 2 3 3 3 2 3 2 3 3 3 2 2 2 2 2 3 3 3 4 2 4 3 2 3 3 2 3 2 3 2 2 2 3 2 3 2 2 3 3 3 3 3 3 3 2 0 2 3 3 3 3 4 4 4 3 4 5 3 3 3 5 4 3 5 6 6 6 3 10 8 
jarak dari node 76: 3 2 1 3 3 1 3 3 3 3 2 3 2 2 3 2 3 4 3 1 3 1 3 3 2 2 3 3 3 2 2 3 2 3 3 2 2 3 2 2 2 2 3 3 3 3 3 3 3 3 3 3 2 3 3 2 2 3 2 2 2 3 2 3 3 3 2 3 3 2 3 3 3 3 3 2 0 2 3 2 3 4 4 2 2 4 4 3 3 2 5 4 2 5 5 6 6 3 10 9 
jarak dari node 77: 3 2 2 4 2 3 2 2 3 1 2 2 3 2 3 3 3 4 3 1 3 2 3 2 3 2 3 3 3 3 3 3 3 3 3 3 2 4 3 2 3 3 3 3 3 3 3 3 3 3 3 4 3 3 4 3 2 3 2 2 3 4 3 3 3 3 3 3 3 3 4 3 3 3 3 3 2 0 3 3 3 3 3 4 3 3 3 4 2 3 5 3 3 4 6 5 7 3 10 9 
jarak dari node 78: 3 3 3 2 3 2 3 1 3 2 3 2 2 2 2 1 2 1 2 3 1 3 3 3 3 2 2 2 2 3 2 4 3 2 3 3 3 3 2 3 3 2 2 3 2 2 2 2 3 2 3 3 3 2 3 3 2 3 3 3 3 3 3 2 2 3 3 3 2 3 3 3 4 3 4 3 3 3 0 3 4 3 4 3 3 2 4 3 3 4 5 4 3 5 5 6 7 4 11 9 
jarak dari node 79: 3 2 1 3 3 3 3 2 4 3 3 3 2 4 3 4 4 4 3 3 3 3 3 4 4 4 3 3 3 4 2 4 3 3 3 2 4 4 2 4 4 2 3 3 3 3 3 3 3 3 3 4 4 3 3 2 4 4 4 2 4 3 4 4 4 4 3 4 3 2 3 5 3 4 4 3 2 3 3 0 3 4 4 4 4 3 5 3 3 2 6 4 3 5 6 6 6 3 10 9 
jarak dari node 80: 4 1 2 4 3 2 2 4 3 3 3 3 3 3 4 4 4 3 4 2 4 2 2 3 3 3 3 3 3 3 3 4 3 3 4 3 3 4 3 3 3 3 4 4 3 4 4 4 4 4 4 4 3 2 4 3 3 3 3 2 3 3 3 3 3 3 3 4 4 3 4 4 2 4 3 3 3 3 4 3 0 3 4 3 3 5 5 4 4 2 5 4 2 4 6 6 7 2 9 10 
jarak dari node 81: 4 2 3 4 2 3 1 3 4 2 3 4 4 3 3 4 4 2 2 3 3 3 3 3 3 4 3 4 2 2 2 3 3 3 3 3 4 4 4 3 3 4 4 3 3 3 3 4 3 3 4 4 3 3 3 3 3 2 3 3 3 4 3 4 4 3 3 4 3 4 4 4 3 3 4 4 4 3 3 4 3 0 3 4 3 4 4 5 3 3 5 3 3 3 6 5 8 3 10 10 
jarak dari node 82: 4 4 3 3 1 3 3 3 3 2 3 4 2 2 3 3 3 4 3 3 3 4 3 3 3 4 4 4 2 4 3 3 2 4 3 3 3 5 3 2 3 3 4 3 4 4 4 3 2 4 4 3 3 4 3 2 3 3 2 3 3 4 4 4 3 3 4 3 2 3 3 3 4 2 4 4 4 3 4 4 4 3 0 4 4 4 4 3 3 4 4 2 4 5 5 4 8 5 12 10 
jarak dari node 83: 2 2 3 2 3 1 3 3 2 3 3 3 3 2 1 3 3 4 3 3 3 3 3 3 3 3 4 2 3 2 3 3 2 3 2 3 3 4 2 2 3 2 3 3 3 4 4 3 3 3 2 4 2 3 4 3 3 3 2 3 3 3 2 4 3 3 3 2 3 3 2 3 3 4 3 4 2 4 3 4 3 4 4 0 2 4 4 4 3 3 4 4 2 5 5 6 6 3 10 8 
jarak dari node 84: 2 2 3 3 3 1 2 3 3 3 3 1 4 3 3 3 2 4 3 3 2 3 3 3 4 3 3 2 3 2 3 3 2 3 3 3 3 4 2 2 2 3 3 3 3 4 3 4 3 3 4 3 2 3 3 4 3 3 2 2 3 3 2 2 3 3 4 4 3 4 3 4 3 4 4 3 2 3 3 4 3 3 4 2 0 4 4 5 4 3 5 4 2 4 5 6 6 3 10 8 
jarak dari node 85: 3 4 3 3 3 3 3 1 4 2 3 3 2 4 3 3 3 3 2 4 3 3 3 3 3 4 3 2 4 4 3 4 3 4 3 3 3 4 2 3 3 2 2 3 2 2 2 2 3 2 4 4 3 4 3 3 3 4 3 3 4 3 3 4 4 4 4 4 3 3 3 4 4 3 4 4 4 3 2 3 5 4 4 4 4 0 4 3 3 4 6 4 4 5 6 6 7 5 12 9 
jarak dari node 86: 4 4 5 3 3 3 3 3 4 2 4 5 4 4 4 4 5 5 4 4 4 5 5 3 5 5 4 4 4 4 4 4 4 5 4 4 4 6 4 3 5 4 4 5 4 4 4 4 4 4 4 5 4 5 5 4 3 4 3 5 4 5 4 5 5 5 5 5 4 4 5 5 4 4 5 5 4 3 4 5 5 4 4 4 4 4 0 5 3 5 6 4 4 5 6 6 8 5 12 10 
jarak dari node 87: 4 3 2 3 3 4 4 2 3 3 3 4 1 4 3 4 3 4 3 4 3 4 2 4 3 4 4 3 3 4 3 4 4 4 3 2 3 5 3 4 4 3 3 2 3 3 3 3 3 3 3 4 3 4 3 3 4 3 4 3 3 3 4 3 4 3 4 4 2 2 2 5 4 4 3 3 3 4 3 3 4 5 3 4 5 3 5 0 4 3 5 4 4 6 6 6 7 4 11 10 
jarak dari node 88: 3 3 2 3 2 3 2 2 1 1 2 4 3 3 2 3 4 3 3 3 3 3 4 2 4 3 3 3 3 3 3 3 3 4 3 3 3 5 3 2 4 3 3 4 3 3 3 3 3 3 3 3 4 2 4 3 2 3 2 3 4 4 2 4 4 4 2 3 2 3 3 4 3 3 4 3 3 2 3 3 4 3 3 3 4 3 3 4 0 3 3 3 4 4 6 5 7 4 11 9 
jarak dari node 89: 4 1 1 3 3 2 2 3 3 3 3 3 2 3 3 4 4 3 4 2 3 2 2 3 3 3 3 3 3 3 2 4 3 3 3 2 3 4 2 3 3 2 4 3 3 3 3 4 3 3 3 4 3 2 3 2 3 3 3 2 3 3 3 3 3 3 3 4 3 2 3 4 2 4 3 3 2 3 4 2 2 3 4 3 3 4 5 3 3 0 5 4 2 4 6 6 6 2 9 10 
jarak dari node 90: 4 4 5 4 3 4 5 5 2 4 5 5 4 4 3 5 5 4 4 5 4 4 5 4 5 4 5 4 4 4 4 5 4 5 4 5 4 6 5 4 5 4 5 5 5 5 5 5 4 5 4 4 5 3 5 4 5 5 4 5 5 5 3 5 5 5 3 4 3 5 4 5 5 4 5 5 5 5 5 6 5 5 4 4 5 6 6 5 3 5 0 4 5 7 7 6 8 5 12 10 
jarak dari node 91: 4 3 3 3 1 3 3 3 3 2 3 4 3 2 3 3 3 4 3 3 3 4 3 3 3 4 4 4 2 4 3 3 2 4 3 4 3 5 3 2 3 3 4 4 4 4 4 3 2 4 4 3 3 4 3 2 3 3 2 3 3 4 4 4 3 3 4 3 2 3 4 3 4 2 4 4 4 3 4 4 4 3 2 4 4 4 4 4 3 4 4 0 4 5 5 4 8 4 11 10 
jarak dari node 92: 4 1 2 3 3 1 2 3 3 3 3 3 3 3 3 4 4 3 3 2 4 2 2 3 3 3 3 3 3 2 3 3 2 3 3 3 3 4 2 2 3 3 4 3 3 4 4 4 3 4 4 4 2 2 4 3 3 3 2 2 3 3 2 3 3 3 3 4 4 3 3 4 2 4 3 3 2 3 3 3 2 3 4 2 2 4 4 4 4 2 5 4 0 4 5 6 7 2 9 10 
jarak dari node 93: 5 3 4 5 4 4 2 4 5 3 4 5 5 5 4 5 5 5 5 4 4 4 4 4 4 5 5 5 3 3 3 4 4 4 4 4 5 5 5 4 4 5 5 4 4 5 4 5 5 4 5 5 4 4 4 4 4 3 4 4 4 5 5 5 5 4 4 5 5 5 5 6 4 5 5 5 5 4 5 5 4 3 5 5 4 5 5 6 4 4 7 5 4 0 8 7 9 4 11 11 
jarak dari node 94: 5 5 5 3 4 4 6 5 5 5 5 5 5 5 4 6 6 6 6 6 4 5 5 6 6 5 6 5 5 5 5 5 4 6 5 6 6 6 5 5 5 5 4 5 6 6 6 6 5 6 5 6 5 6 5 5 5 5 5 5 4 6 5 5 5 6 5 5 5 4 5 6 5 5 5 6 5 6 5 6 6 6 5 5 5 6 6 6 6 6 7 5 5 8 0 7 9 6 13 11 
jarak dari node 95: 6 6 5 4 3 5 5 5 5 4 5 6 5 4 5 5 5 6 5 5 5 6 5 5 5 6 6 6 4 6 5 5 4 6 5 6 5 7 5 4 5 5 5 6 6 6 6 5 4 6 6 5 5 6 5 4 5 5 4 5 5 6 6 6 5 5 6 5 4 5 6 5 6 4 6 6 6 5 6 6 6 5 4 6 6 6 6 6 5 6 6 4 6 7 7 0 10 7 14 12 
jarak dari node 96: 4 6 5 6 7 7 7 6 6 6 5 7 6 7 5 7 7 6 7 6 7 6 7 6 6 7 6 6 6 6 6 7 7 5 5 6 7 6 6 6 7 6 5 6 6 7 7 6 7 6 6 7 7 6 6 6 7 6 7 6 7 7 7 6 7 8 7 6 7 6 6 7 7 7 7 6 6 7 7 6 7 8 8 6 6 7 8 7 7 6 8 8 7 9 9 10 0 7 13 10 
jarak dari node 97: 4 1 2 4 4 2 2 4 3 3 3 3 3 3 4 4 4 3 4 2 4 2 2 3 3 3 3 3 3 3 3 4 3 3 4 3 3 4 3 3 3 3 4 4 3 4 4 4 4 4 4 4 3 2 4 3 3 3 3 2 3 3 3 3 3 3 3 4 4 3 4 4 2 4 3 3 3 3 4 3 2 3 5 3 3 5 5 4 4 2 5 4 2 4 6 7 7 0 9 10 
jarak dari node 98: 9 8 9 11 11 9 9 11 10 10 10 10 10 10 10 11 11 10 11 9 11 9 9 10 10 10 10 10 10 10 10 11 10 10 10 10 10 11 10 10 10 10 10 11 10 11 11 11 11 11 11 11 10 9 11 10 10 10 10 9 10 10 10 10 10 10 10 11 11 10 11 11 9 11 10 10 10 10 11 10 9 10 12 10 10 12 12 11 11 9 12 11 9 11 13 14 13 9 0 15 
jarak dari node 99: 6 9 9 8 9 9 9 8 8 8 7 9 9 9 7 9 9 8 9 8 9 8 9 8 8 9 8 8 8 8 8 9 9 7 7 9 9 8 9 8 9 8 7 8 8 9 9 8 10 8 8 9 9 8 8 8 9 8 9 8 9 9 9 8 9 10 9 8 9 9 8 9 9 9 9 8 9 9 9 9 10 10 10 8 8 9 10 10 9 10 10 10 10 11 11 12 10 10 15 0 
